{
    "fiducials": [
        {
            "family": "apriltag3_36h11_classic",
            "id": 1,
            "size": 165.1,
            "transform": [
                -0.5877852522924729,
                -0.8090169943749473,
                0.0,
                7.923198000000001,
                0.8090169943749473,
                -0.5877852522924729,
                0.0,
                -3.3706799999999997,
                0.0,
                0.0,
                1.0,
                1.4859,
                0.0,
                0.0,
                0.0,
                1.0
            ],
            "unique": true
        },
        {
            "family": "apriltag3_36h11_classic",
            "id": 2,
            "size": 165.1,
            "transform": [
                -0.5877852522924734,
                0.8090169943749473,
                -0.0,
                7.923198000000001,
                -0.8090169943749473,
                -0.5877852522924734,
                0.0,
                3.3704799999999997,
                0.0,
                0.0,
                1.0,
                1.4859,
                0.0,
                0.0,
                0.0,
                1.0
            ],
            "unique": true
        },
        {
            "family": "apriltag3_36h11_classic",
            "id": 3,
            "size": 165.1,
            "transform": [
                -2.220446049250313e-16,
                1.0,
                -0.0,
                2.786809999999999,
                -1.0,
                -2.220446049250313e-16,
                0.0,
                4.02961,
                0.0,
                0.0,
                1.0,
                1.30175,
                0.0,
                0.0,
                0.0,
                1.0
            ],
            "unique": true
        },
        {
            "family": "apriltag3_36h11_classic",
            "id": 4,
            "size": 165.1,
            "transform": [
                0.8660254037844387,
                0.0,
                0.49999999999999994,
                0.5020799999999994,
                0.0,
                1.0,
                0.0,
                2.111656,
                -0.49999999999999994,
                0.0,
                0.8660254037844387,
                1.8679160000000001,
                0.0,
                0.0,
                0.0,
                1.0
            ],
            "unique": true
        },
        {
            "family": "apriltag3_36h11_classic",
            "id": 5,
            "size": 165.1,
            "transform": [
                0.8660254037844387,
                0.0,
                0.49999999999999994,
                0.5020799999999994,
                0.0,
                1.0,
                0.0,
                -2.1110939999999996,
                -0.49999999999999994,
                0.0,
                0.8660254037844387,
                1.8679160000000001,
                0.0,
                0.0,
                0.0,
                1.0
            ],
            "unique": true
        },
        {
            "family": "apriltag3_36h11_classic",
            "id": 6,
            "size": 165.1,
            "transform": [
                0.5000000000000001,
                0.8660254037844386,
                -0.0,
                4.700446000000001,
                -0.8660254037844386,
                0.5000000000000001,
                0.0,
                -0.7196820000000002,
                0.0,
                0.0,
                1.0,
                0.308102,
                0.0,
                0.0,
                0.0,
                1.0
            ],
            "unique": true
        },
        {
            "family": "apriltag3_36h11_classic",
            "id": 7,
            "size": 165.1,
            "transform": [
                1.0,
                0.0,
                0.0,
                5.116498,
                0.0,
                1.0,
                0.0,
                -9.999999999976694e-05,
                0.0,
                0.0,
                1.0,
                0.308102,
                0.0,
                0.0,
                0.0,
                1.0
            ],
            "unique": true
        },
        {
            "family": "apriltag3_36h11_classic",
            "id": 8,
            "size": 165.1,
            "transform": [
                0.5000000000000001,
                -0.8660254037844386,
                0.0,
                4.700446000000001,
                0.8660254037844386,
                0.5000000000000001,
                0.0,
                0.7194820000000002,
                0.0,
                0.0,
                1.0,
                0.308102,
                0.0,
                0.0,
                0.0,
                1.0
            ],
            "unique": true
        },
        {
            "family": "apriltag3_36h11_classic",
            "id": 9,
            "size": 165.1,
            "transform": [
                -0.4999999999999998,
                -0.8660254037844388,
                0.0,
                3.869358,
                0.8660254037844388,
                -0.4999999999999998,
                0.0,
                0.7194820000000002,
                0.0,
                0.0,
                1.0,
                0.308102,
                0.0,
                0.0,
                0.0,
                1.0
            ],
            "unique": true
        },
        {
            "family": "apriltag3_36h11_classic",
            "id": 10,
            "size": 165.1,
            "transform": [
                -1.0,
                -1.2246467991473532e-16,
                0.0,
                3.4533059999999995,
                1.2246467991473532e-16,
                -1.0,
                0.0,
                -9.999999999976694e-05,
                0.0,
                0.0,
                1.0,
                0.308102,
                0.0,
                0.0,
                0.0,
                1.0
            ],
            "unique": true
        },
        {
            "family": "apriltag3_36h11_classic",
            "id": 11,
            "size": 165.1,
            "transform": [
                -0.5000000000000002,
                0.8660254037844384,
                -0.0,
                3.869358,
                -0.8660254037844384,
                -0.5000000000000002,
                0.0,
                -0.7196820000000002,
                0.0,
                0.0,
                1.0,
                0.308102,
                0.0,
                0.0,
                0.0,
                1.0
            ],
            "unique": true
        },
        {
            "family": "apriltag3_36h11_classic",
            "id": 12,
            "size": 165.1,
            "transform": [
                0.8349925277666821,
                -0.5502515006891435,
                0.003280939370364196,
                -7.771536227178457,
                0.5498679952730177,
                0.8341555124093649,
                -0.042775797964531334,
                -2.1289667441407674,
                0.020800633361488782,
                0.03752155522383539,
                0.9990793094371165,
                1.6560199183284205,
                0.0,
                0.0,
                0.0,
                1.0
            ],
            "unique": true
        },
        {
            "family": "apriltag3_36h11_classic",
            "id": 13,
            "size": 165.1,
            "transform": [
                0.9000845578189152,
                0.4270046385089062,
                0.08668810453462611,
                -7.900832428247773,
                -0.43178361092584433,
                0.9007980885016935,
                0.0461054995367602,
                2.4963789948248643,
                -0.05840121669765938,
                -0.07892935096384292,
                0.9951680538706312,
                1.8229270567660851,
                0.0,
                0.0,
                0.0,
                1.0
            ],
            "unique": true
        },
        {
            "family": "apriltag3_36h11_classic",
            "id": 14,
            "size": 165.1,
            "transform": [
                -0.8660254037844388,
                -1.2246467991473532e-16,
                -0.49999999999999994,
                -0.501728,
                1.0605752387249069e-16,
                -1.0,
                6.123233995736766e-17,
                2.111656,
                -0.49999999999999994,
                0.0,
                0.8660254037844387,
                1.8679160000000001,
                0.0,
                0.0,
                0.0,
                1.0
            ],
            "unique": true
        },
        {
            "family": "apriltag3_36h11_classic",
            "id": 15,
            "size": 165.1,
            "transform": [
                -0.8660254037844388,
                -1.2246467991473532e-16,
                -0.49999999999999994,
                -0.501728,
                1.0605752387249069e-16,
                -1.0,
                6.123233995736766e-17,
                -2.1110939999999996,
                -0.49999999999999994,
                0.0,
                0.8660254037844387,
                1.8679160000000001,
                0.0,
                0.0,
                0.0,
                1.0
            ],
            "unique": true
        },
        {
            "family": "apriltag3_36h11_classic",
            "id": 16,
            "size": 165.1,
            "transform": [
                -0.025732779855409227,
                -0.9979611202672841,
                -0.058407417985912286,
                -3.5944642866805285,
                0.9930578985876984,
                -0.01881064729237658,
                -0.11611274521355093,
                -3.8558286190569118,
                0.11477732395163359,
                -0.06098985147801085,
                0.9915172232105663,
                1.312185974737608,
                0.0,
                0.0,
                0.0,
                1.0
            ],
            "unique": true
        },
        {
            "family": "apriltag3_36h11_classic",
            "id": 17,
            "size": 165.1,
            "transform": [
                -0.3681562888594443,
                0.9276128667905149,
                0.06320851475809222,
                -4.457124891657597,
                -0.9282928342346716,
                -0.3705461618248087,
                0.031111989095253714,
                -0.5143601773808841,
                0.052281553934461385,
                -0.047221936868209385,
                0.9975152769740486,
                0.2630473644393713,
                0.0,
                0.0,
                0.0,
                1.0
            ],
            "unique": true
        },
        {
            "family": "apriltag3_36h11_classic",
            "id": 18,
            "size": 165.1,
            "transform": [
                -1.0,
                -1.2246467991473532e-16,
                0.0,
                -5.116399999999999,
                1.2246467991473532e-16,
                -1.0,
                0.0,
                -9.999999999976694e-05,
                0.0,
                0.0,
                1.0,
                0.308102,
                0.0,
                0.0,
                0.0,
                1.0
            ],
            "unique": true
        },
        {
            "family": "apriltag3_36h11_classic",
            "id": 19,
            "size": 165.1,
            "transform": [
                -0.3953423530212248,
                -0.9183435343610525,
                -0.018696973147771245,
                -4.581413160666485,
                0.9185206540843404,
                -0.3953638536644224,
                -0.002689095775485384,
                0.6606061133711556,
                -0.004922593636868466,
                -0.018236669456468044,
                0.9998215800626739,
                0.2641578480215096,
                0.0,
                0.0,
                0.0,
                1.0
            ],
            "unique": true
        },
        {
            "family": "apriltag3_36h11_classic",
            "id": 20,
            "size": 165.1,
            "transform": [
                0.6986756266031395,
                -0.7154190493004505,
                -0.005287030239150786,
                -3.340072277865765,
                0.7154120457943175,
                0.6985669807781748,
                0.013775997199989395,
                0.5248103620763569,
                -0.0061622660685356125,
                -0.01340735859535297,
                0.9998911286797159,
                0.48164909570514025,
                0.0,
                0.0,
                0.0,
                1.0
            ],
            "unique": true
        },
        {
            "family": "apriltag3_36h11_classic",
            "id": 21,
            "size": 165.1,
            "transform": [
                0.9988136383609616,
                0.030024721190520583,
                0.038338387310496304,
                -3.244485099945485,
                -0.030822430881243403,
                0.9993169152347613,
                0.02038824858225538,
                -0.23824709920843112,
                -0.037700047462955445,
                -0.02154574303922633,
                0.9990567988749081,
                0.539848153107931,
                0.0,
                0.0,
                0.0,
                1.0
            ],
            "unique": true
        },
        {
            "family": "apriltag3_36h11_classic",
            "id": 22,
            "size": 165.1,
            "transform": [
                0.5354565035286785,
                0.8429752231595874,
                0.05176008083345801,
                -3.7449360481708736,
                -0.8443478816525657,
                0.5356965001023923,
                0.010291478361852076,
                -0.9376950962605775,
                -0.01905223287877605,
                -0.04921415362567421,
                0.9986065188577739,
                0.5387175563961307,
                0.0,
                0.0,
                0.0,
                1.0
            ],
            "unique": true
        }
    ],
    "type": "frc"
}