{
    "fiducials": [
        {
            "family": "apriltag3_36h11_classic",
            "id": 1,
            "size": 165.1,
            "transform": [
                -0.5877852522924729,
                -0.8090169943749473,
                0.0,
                7.923198000000001,
                0.8090169943749473,
                -0.5877852522924729,
                0.0,
                -3.3706799999999997,
                0.0,
                0.0,
                1.0,
                1.4859,
                0.0,
                0.0,
                0.0,
                1.0
            ],
            "unique": true
        },
        {
            "family": "apriltag3_36h11_classic",
            "id": 2,
            "size": 165.1,
            "transform": [
                -0.5877852522924734,
                0.8090169943749473,
                -0.0,
                7.923198000000001,
                -0.8090169943749473,
                -0.5877852522924734,
                0.0,
                3.3704799999999997,
                0.0,
                0.0,
                1.0,
                1.4859,
                0.0,
                0.0,
                0.0,
                1.0
            ],
            "unique": true
        },
        {
            "family": "apriltag3_36h11_classic",
            "id": 3,
            "size": 165.1,
            "transform": [
                -2.220446049250313e-16,
                1.0,
                -0.0,
                2.786809999999999,
                -1.0,
                -2.220446049250313e-16,
                0.0,
                4.02961,
                0.0,
                0.0,
                1.0,
                1.30175,
                0.0,
                0.0,
                0.0,
                1.0
            ],
            "unique": true
        },
        {
            "family": "apriltag3_36h11_classic",
            "id": 4,
            "size": 165.1,
            "transform": [
                0.8660254037844387,
                0.0,
                0.49999999999999994,
                0.5020799999999994,
                0.0,
                1.0,
                0.0,
                2.111656,
                -0.49999999999999994,
                0.0,
                0.8660254037844387,
                1.8679160000000001,
                0.0,
                0.0,
                0.0,
                1.0
            ],
            "unique": true
        },
        {
            "family": "apriltag3_36h11_classic",
            "id": 5,
            "size": 165.1,
            "transform": [
                0.8660254037844387,
                0.0,
                0.49999999999999994,
                0.5020799999999994,
                0.0,
                1.0,
                0.0,
                -2.1110939999999996,
                -0.49999999999999994,
                0.0,
                0.8660254037844387,
                1.8679160000000001,
                0.0,
                0.0,
                0.0,
                1.0
            ],
            "unique": true
        },
        {
            "family": "apriltag3_36h11_classic",
            "id": 6,
            "size": 165.1,
            "transform": [
                0.5000000000000001,
                0.8660254037844386,
                -0.0,
                4.700446000000001,
                -0.8660254037844386,
                0.5000000000000001,
                0.0,
                -0.7196820000000002,
                0.0,
                0.0,
                1.0,
                0.308102,
                0.0,
                0.0,
                0.0,
                1.0
            ],
            "unique": true
        },
        {
            "family": "apriltag3_36h11_classic",
            "id": 7,
            "size": 165.1,
            "transform": [
                1.0,
                0.0,
                0.0,
                5.116498,
                0.0,
                1.0,
                0.0,
                -9.999999999976694e-05,
                0.0,
                0.0,
                1.0,
                0.308102,
                0.0,
                0.0,
                0.0,
                1.0
            ],
            "unique": true
        },
        {
            "family": "apriltag3_36h11_classic",
            "id": 8,
            "size": 165.1,
            "transform": [
                0.5000000000000001,
                -0.8660254037844386,
                0.0,
                4.700446000000001,
                0.8660254037844386,
                0.5000000000000001,
                0.0,
                0.7194820000000002,
                0.0,
                0.0,
                1.0,
                0.308102,
                0.0,
                0.0,
                0.0,
                1.0
            ],
            "unique": true
        },
        {
            "family": "apriltag3_36h11_classic",
            "id": 9,
            "size": 165.1,
            "transform": [
                -0.4999999999999998,
                -0.8660254037844388,
                0.0,
                3.869358,
                0.8660254037844388,
                -0.4999999999999998,
                0.0,
                0.7194820000000002,
                0.0,
                0.0,
                1.0,
                0.308102,
                0.0,
                0.0,
                0.0,
                1.0
            ],
            "unique": true
        },
        {
            "family": "apriltag3_36h11_classic",
            "id": 10,
            "size": 165.1,
            "transform": [
                -1.0,
                -1.2246467991473532e-16,
                0.0,
                3.4533059999999995,
                1.2246467991473532e-16,
                -1.0,
                0.0,
                -9.999999999976694e-05,
                0.0,
                0.0,
                1.0,
                0.308102,
                0.0,
                0.0,
                0.0,
                1.0
            ],
            "unique": true
        },
        {
            "family": "apriltag3_36h11_classic",
            "id": 11,
            "size": 165.1,
            "transform": [
                -0.5000000000000002,
                0.8660254037844384,
                -0.0,
                3.869358,
                -0.8660254037844384,
                -0.5000000000000002,
                0.0,
                -0.7196820000000002,
                0.0,
                0.0,
                1.0,
                0.308102,
                0.0,
                0.0,
                0.0,
                1.0
            ],
            "unique": true
        },
        {
            "family": "apriltag3_36h11_classic",
            "id": 12,
            "size": 165.1,
            "transform": [
                0.5877852522924731,
                -0.8090169943749473,
                0.0,
                -7.922845999999999,
                0.8090169943749473,
                0.5877852522924731,
                0.0,
                -3.3706799999999997,
                0.0,
                0.0,
                1.0,
                1.4859,
                0.0,
                0.0,
                0.0,
                1.0
            ],
            "unique": true
        },
        {
            "family": "apriltag3_36h11_classic",
            "id": 13,
            "size": 165.1,
            "transform": [
                0.587785252292473,
                0.8090169943749475,
                -0.0,
                -7.922845999999999,
                -0.8090169943749475,
                0.587785252292473,
                0.0,
                3.3704799999999997,
                0.0,
                0.0,
                1.0,
                1.4859,
                0.0,
                0.0,
                0.0,
                1.0
            ],
            "unique": true
        },
        {
            "family": "apriltag3_36h11_classic",
            "id": 14,
            "size": 165.1,
            "transform": [
                -0.8660254037844388,
                -1.2246467991473532e-16,
                -0.49999999999999994,
                -0.501728,
                1.0605752387249069e-16,
                -1.0,
                6.123233995736766e-17,
                2.111656,
                -0.49999999999999994,
                0.0,
                0.8660254037844387,
                1.8679160000000001,
                0.0,
                0.0,
                0.0,
                1.0
            ],
            "unique": true
        },
        {
            "family": "apriltag3_36h11_classic",
            "id": 15,
            "size": 165.1,
            "transform": [
                -0.8660254037844388,
                -1.2246467991473532e-16,
                -0.49999999999999994,
                -0.501728,
                1.0605752387249069e-16,
                -1.0,
                6.123233995736766e-17,
                -2.1110939999999996,
                -0.49999999999999994,
                0.0,
                0.8660254037844387,
                1.8679160000000001,
                0.0,
                0.0,
                0.0,
                1.0
            ],
            "unique": true
        },
        {
            "family": "apriltag3_36h11_classic",
            "id": 16,
            "size": 165.1,
            "transform": [
                0.09269497078784417,
                -0.9950837924101512,
                0.03486959238751976,
                -3.565756422091635,
                0.9819514510229674,
                0.08556103013475114,
                -0.16867322833268217,
                -2.6097441119618616,
                0.1648605174822937,
                0.049875406814493775,
                0.9850550510355038,
                1.32279381488461,
                0.0,
                0.0,
                0.0,
                1.0
            ],
            "unique": true
        },
        {
            "family": "apriltag3_36h11_classic",
            "id": 17,
            "size": 165.1,
            "transform": [
                -0.4997607024221866,
                0.8653197058153669,
                0.03822364506544626,
                -4.703806197713552,
                -0.8651465330787728,
                -0.5008254766218991,
                0.02636888826300919,
                -0.7231426290781986,
                0.041960893892553836,
                -0.019890919889590748,
                0.9989212354783953,
                0.3014486426312435,
                0.0,
                0.0,
                0.0,
                1.0
            ],
            "unique": true
        },
        {
            "family": "apriltag3_36h11_classic",
            "id": 18,
            "size": 165.1,
            "transform": [
                -1.0,
                -1.2246467991473532e-16,
                0.0,
                -5.116399999999999,
                1.2246467991473532e-16,
                -1.0,
                0.0,
                -9.999999999976694e-05,
                0.0,
                0.0,
                1.0,
                0.308102,
                0.0,
                0.0,
                0.0,
                1.0
            ],
            "unique": true
        },
        {
            "family": "apriltag3_36h11_classic",
            "id": 19,
            "size": 165.1,
            "transform": [
                -0.33088797124342695,
                -0.9400983454933566,
                0.0820259183859718,
                -3.6310866264528077,
                0.9430976627367836,
                -0.3324626532501864,
                -0.0059483387816969685,
                1.0102956025671315,
                0.032862577908990734,
                0.07539021816190387,
                0.9966124452256635,
                0.15032090883034085,
                0.0,
                0.0,
                0.0,
                1.0
            ],
            "unique": true
        },
        {
            "family": "apriltag3_36h11_classic",
            "id": 20,
            "size": 165.1,
            "transform": [
                0.8345272362222065,
                -0.5387667830760503,
                0.11530240872249772,
                -2.6062472577380733,
                0.5406682703930348,
                0.841068105544455,
                0.016800691237737395,
                1.1876450413334805,
                -0.10602883284055337,
                0.048319719470891975,
                0.9931883463456085,
                0.03785045387290531,
                0.0,
                0.0,
                0.0,
                1.0
            ],
            "unique": true
        },
        {
            "family": "apriltag3_36h11_classic",
            "id": 21,
            "size": 165.1,
            "transform": [
                0.8683338497068911,
                0.48303156398030667,
                0.11259144573167688,
                -2.603388795523424,
                -0.48882407523398885,
                0.8718856362774059,
                0.02943570493089312,
                0.25539040842973026,
                -0.08394848971152398,
                -0.08059742832052336,
                0.9932052686244028,
                -0.017644563600570096,
                0.0,
                0.0,
                0.0,
                1.0
            ],
            "unique": true
        },
        {
            "family": "apriltag3_36h11_classic",
            "id": 22,
            "size": 165.1,
            "transform": [
                0.5000000000000001,
                0.8660254037844386,
                -0.0,
                -3.8692599999999997,
                -0.8660254037844386,
                0.5000000000000001,
                0.0,
                -0.7196820000000002,
                0.0,
                0.0,
                1.0,
                0.308102,
                0.0,
                0.0,
                0.0,
                1.0
            ],
            "unique": true
        }
    ],
    "type": "frc"
}